0 1000
2.22247 145.7
2.23661 145.2
3.22994 145.1
4.77374 144.8
5.6247 144.7
5.90804 144.6
6.48611 144.5
8.70111 144.4
9.76674 144.35
10.3891 144.3
14.0863 142.4
15.9075 141.15
25.0347 140.9
26.3223 140.65
34.7764 140.55
46.3715 138.15
54.3908 137.75
57.2591 137.7
59.216 136.9
60.7047 136.45
61.873 136.1
62.4061 135.9
62.6624 133.8
62.9033 133.5
64.4514 133.35
65.3775 133.25
66.3197 133.15
69.6469 132.9
69.73 131.7
70.6132 131.6
75.9176 125.8
83.1753 125.35
85.8736 125.3
91.126 125.25
92.5252 125.1
98.3325 124.95
101.338 124.8
102.586 124.55
110.782 124.3
117.143 124.2
123.414 122.75
129.914 122.7
148.906 122.25
169.368 122
181.621 121.15
184.546 121
189.619 120.95
204.599 120.9
204.82 120.7
205.725 120.5
224.92 120.45
233.674 120.25
243.87 120.2
247.503 120.1
254.095 119.85
263.832 119.8
289.223 119.4